q = 0.41625 % [l/min]
V = 15.0 % [l]
c0 = 0.001 % [mol/l]

